{
 "cells": [
  {
   "cell_type": "markdown",
   "id": "aa969f35-7a74-47e7-8c1c-b7de29af00d2",
   "metadata": {},
   "source": [
    "# Classification"
   ]
  },
  {
   "cell_type": "markdown",
   "id": "c118eeeb-7d54-4ce6-9c51-cdb52eef7c48",
   "metadata": {},
   "source": [
    "## problem definition\n",
    "- predict type of customer based on difference chemical compositions"
   ]
  },
  {
   "cell_type": "markdown",
   "id": "888814ca-507d-403c-8545-b342ff51babb",
   "metadata": {},
   "source": [
    "### pre-requistes"
   ]
  },
  {
   "cell_type": "code",
   "execution_count": 1,
   "id": "d4aad260-5557-4840-93ae-69b8afc9fb71",
   "metadata": {},
   "outputs": [],
   "source": [
    "import warnings\n",
    "\n",
    "warnings.filterwarnings(action='ignore')"
   ]
  },
  {
   "cell_type": "markdown",
   "id": "ac014019-339e-43e3-80fb-b43cfdabd277",
   "metadata": {},
   "source": [
    "### import required packages"
   ]
  },
  {
   "cell_type": "code",
   "execution_count": 47,
   "id": "cf92292d-27ba-40dc-8736-fd551f07b8d5",
   "metadata": {},
   "outputs": [],
   "source": [
    "import numpy as np\n",
    "import pandas as pd\n",
    "import matplotlib.pyplot as plt\n",
    "import seaborn as sns\n",
    "import stat"
   ]
  },
  {
   "cell_type": "markdown",
   "id": "886c9f8c-eb0e-467e-9d59-827df39486b9",
   "metadata": {},
   "source": [
    "### load the data"
   ]
  },
  {
   "cell_type": "code",
   "execution_count": 3,
   "id": "ca7fce77-6aef-4769-974d-f93d9627e2c5",
   "metadata": {},
   "outputs": [
    {
     "data": {
      "text/html": [
       "<div>\n",
       "<style scoped>\n",
       "    .dataframe tbody tr th:only-of-type {\n",
       "        vertical-align: middle;\n",
       "    }\n",
       "\n",
       "    .dataframe tbody tr th {\n",
       "        vertical-align: top;\n",
       "    }\n",
       "\n",
       "    .dataframe thead th {\n",
       "        text-align: right;\n",
       "    }\n",
       "</style>\n",
       "<table border=\"1\" class=\"dataframe\">\n",
       "  <thead>\n",
       "    <tr style=\"text-align: right;\">\n",
       "      <th></th>\n",
       "      <th>Alcohol</th>\n",
       "      <th>Malic_Acid</th>\n",
       "      <th>Ash</th>\n",
       "      <th>Ash_Alcanity</th>\n",
       "      <th>Magnesium</th>\n",
       "      <th>Total_Phenols</th>\n",
       "      <th>Flavanoids</th>\n",
       "      <th>Nonflavanoid_Phenols</th>\n",
       "      <th>Proanthocyanins</th>\n",
       "      <th>Color_Intensity</th>\n",
       "      <th>Hue</th>\n",
       "      <th>OD280</th>\n",
       "      <th>Proline</th>\n",
       "      <th>Customer_Segment</th>\n",
       "    </tr>\n",
       "  </thead>\n",
       "  <tbody>\n",
       "    <tr>\n",
       "      <th>0</th>\n",
       "      <td>14.23</td>\n",
       "      <td>1.71</td>\n",
       "      <td>2.43</td>\n",
       "      <td>15.6</td>\n",
       "      <td>127</td>\n",
       "      <td>2.80</td>\n",
       "      <td>3.06</td>\n",
       "      <td>0.28</td>\n",
       "      <td>2.29</td>\n",
       "      <td>5.64</td>\n",
       "      <td>1.04</td>\n",
       "      <td>3.92</td>\n",
       "      <td>1065</td>\n",
       "      <td>1</td>\n",
       "    </tr>\n",
       "    <tr>\n",
       "      <th>1</th>\n",
       "      <td>13.20</td>\n",
       "      <td>1.78</td>\n",
       "      <td>2.14</td>\n",
       "      <td>11.2</td>\n",
       "      <td>100</td>\n",
       "      <td>2.65</td>\n",
       "      <td>2.76</td>\n",
       "      <td>0.26</td>\n",
       "      <td>1.28</td>\n",
       "      <td>4.38</td>\n",
       "      <td>1.05</td>\n",
       "      <td>3.40</td>\n",
       "      <td>1050</td>\n",
       "      <td>1</td>\n",
       "    </tr>\n",
       "    <tr>\n",
       "      <th>2</th>\n",
       "      <td>13.16</td>\n",
       "      <td>2.36</td>\n",
       "      <td>2.67</td>\n",
       "      <td>18.6</td>\n",
       "      <td>101</td>\n",
       "      <td>2.80</td>\n",
       "      <td>3.24</td>\n",
       "      <td>0.30</td>\n",
       "      <td>2.81</td>\n",
       "      <td>5.68</td>\n",
       "      <td>1.03</td>\n",
       "      <td>3.17</td>\n",
       "      <td>1185</td>\n",
       "      <td>1</td>\n",
       "    </tr>\n",
       "    <tr>\n",
       "      <th>3</th>\n",
       "      <td>14.37</td>\n",
       "      <td>1.95</td>\n",
       "      <td>2.50</td>\n",
       "      <td>16.8</td>\n",
       "      <td>113</td>\n",
       "      <td>3.85</td>\n",
       "      <td>3.49</td>\n",
       "      <td>0.24</td>\n",
       "      <td>2.18</td>\n",
       "      <td>7.80</td>\n",
       "      <td>0.86</td>\n",
       "      <td>3.45</td>\n",
       "      <td>1480</td>\n",
       "      <td>1</td>\n",
       "    </tr>\n",
       "    <tr>\n",
       "      <th>4</th>\n",
       "      <td>13.24</td>\n",
       "      <td>2.59</td>\n",
       "      <td>2.87</td>\n",
       "      <td>21.0</td>\n",
       "      <td>118</td>\n",
       "      <td>2.80</td>\n",
       "      <td>2.69</td>\n",
       "      <td>0.39</td>\n",
       "      <td>1.82</td>\n",
       "      <td>4.32</td>\n",
       "      <td>1.04</td>\n",
       "      <td>2.93</td>\n",
       "      <td>735</td>\n",
       "      <td>1</td>\n",
       "    </tr>\n",
       "  </tbody>\n",
       "</table>\n",
       "</div>"
      ],
      "text/plain": [
       "   Alcohol  Malic_Acid   Ash  Ash_Alcanity  Magnesium  Total_Phenols  \\\n",
       "0    14.23        1.71  2.43          15.6        127           2.80   \n",
       "1    13.20        1.78  2.14          11.2        100           2.65   \n",
       "2    13.16        2.36  2.67          18.6        101           2.80   \n",
       "3    14.37        1.95  2.50          16.8        113           3.85   \n",
       "4    13.24        2.59  2.87          21.0        118           2.80   \n",
       "\n",
       "   Flavanoids  Nonflavanoid_Phenols  Proanthocyanins  Color_Intensity   Hue  \\\n",
       "0        3.06                  0.28             2.29             5.64  1.04   \n",
       "1        2.76                  0.26             1.28             4.38  1.05   \n",
       "2        3.24                  0.30             2.81             5.68  1.03   \n",
       "3        3.49                  0.24             2.18             7.80  0.86   \n",
       "4        2.69                  0.39             1.82             4.32  1.04   \n",
       "\n",
       "   OD280  Proline  Customer_Segment  \n",
       "0   3.92     1065                 1  \n",
       "1   3.40     1050                 1  \n",
       "2   3.17     1185                 1  \n",
       "3   3.45     1480                 1  \n",
       "4   2.93      735                 1  "
      ]
     },
     "execution_count": 3,
     "metadata": {},
     "output_type": "execute_result"
    }
   ],
   "source": [
    "df = pd.read_csv('Wine.csv')\n",
    "df.head()"
   ]
  },
  {
   "cell_type": "code",
   "execution_count": 4,
   "id": "987bcc0e-003b-4ab6-98d1-a2abc5a91338",
   "metadata": {},
   "outputs": [
    {
     "data": {
      "text/plain": [
       "14"
      ]
     },
     "execution_count": 4,
     "metadata": {},
     "output_type": "execute_result"
    }
   ],
   "source": [
    "len(df.columns)"
   ]
  },
  {
   "cell_type": "markdown",
   "id": "9e24b157-b9f9-4819-9fdf-a15a3ef4ab73",
   "metadata": {},
   "source": [
    "### EDA\n"
   ]
  },
  {
   "cell_type": "code",
   "execution_count": 5,
   "id": "acac341a-51c6-4b41-985a-0754b4cacf6c",
   "metadata": {},
   "outputs": [
    {
     "name": "stdout",
     "output_type": "stream",
     "text": [
      "<class 'pandas.core.frame.DataFrame'>\n",
      "RangeIndex: 178 entries, 0 to 177\n",
      "Data columns (total 14 columns):\n",
      " #   Column                Non-Null Count  Dtype  \n",
      "---  ------                --------------  -----  \n",
      " 0   Alcohol               178 non-null    float64\n",
      " 1   Malic_Acid            178 non-null    float64\n",
      " 2   Ash                   178 non-null    float64\n",
      " 3   Ash_Alcanity          178 non-null    float64\n",
      " 4   Magnesium             178 non-null    int64  \n",
      " 5   Total_Phenols         178 non-null    float64\n",
      " 6   Flavanoids            178 non-null    float64\n",
      " 7   Nonflavanoid_Phenols  178 non-null    float64\n",
      " 8   Proanthocyanins       178 non-null    float64\n",
      " 9   Color_Intensity       178 non-null    float64\n",
      " 10  Hue                   178 non-null    float64\n",
      " 11  OD280                 178 non-null    float64\n",
      " 12  Proline               178 non-null    int64  \n",
      " 13  Customer_Segment      178 non-null    int64  \n",
      "dtypes: float64(11), int64(3)\n",
      "memory usage: 19.6 KB\n"
     ]
    }
   ],
   "source": [
    "df.info()"
   ]
  },
  {
   "cell_type": "code",
   "execution_count": 6,
   "id": "a68594c3-6edb-4ea6-b97b-b74f6f3e6a79",
   "metadata": {},
   "outputs": [
    {
     "data": {
      "text/plain": [
       "Customer_Segment\n",
       "2    71\n",
       "1    59\n",
       "3    48\n",
       "Name: count, dtype: int64"
      ]
     },
     "execution_count": 6,
     "metadata": {},
     "output_type": "execute_result"
    }
   ],
   "source": [
    "df['Customer_Segment'].value_counts()"
   ]
  },
  {
   "cell_type": "code",
   "execution_count": 7,
   "id": "4e37815a-97f8-4ed8-91a7-3b11730211fe",
   "metadata": {},
   "outputs": [
    {
     "data": {
      "text/plain": [
       "Alcohol                 0\n",
       "Malic_Acid              0\n",
       "Ash                     0\n",
       "Ash_Alcanity            0\n",
       "Magnesium               0\n",
       "Total_Phenols           0\n",
       "Flavanoids              0\n",
       "Nonflavanoid_Phenols    0\n",
       "Proanthocyanins         0\n",
       "Color_Intensity         0\n",
       "Hue                     0\n",
       "OD280                   0\n",
       "Proline                 0\n",
       "Customer_Segment        0\n",
       "dtype: int64"
      ]
     },
     "execution_count": 7,
     "metadata": {},
     "output_type": "execute_result"
    }
   ],
   "source": [
    "df.isna().sum()"
   ]
  },
  {
   "cell_type": "code",
   "execution_count": 8,
   "id": "bf5d74e7-d2a5-4d1e-b53c-3190c21cabb0",
   "metadata": {},
   "outputs": [
    {
     "data": {
      "text/html": [
       "<div>\n",
       "<style scoped>\n",
       "    .dataframe tbody tr th:only-of-type {\n",
       "        vertical-align: middle;\n",
       "    }\n",
       "\n",
       "    .dataframe tbody tr th {\n",
       "        vertical-align: top;\n",
       "    }\n",
       "\n",
       "    .dataframe thead th {\n",
       "        text-align: right;\n",
       "    }\n",
       "</style>\n",
       "<table border=\"1\" class=\"dataframe\">\n",
       "  <thead>\n",
       "    <tr style=\"text-align: right;\">\n",
       "      <th></th>\n",
       "      <th>Alcohol</th>\n",
       "      <th>Malic_Acid</th>\n",
       "      <th>Ash</th>\n",
       "      <th>Ash_Alcanity</th>\n",
       "      <th>Magnesium</th>\n",
       "      <th>Total_Phenols</th>\n",
       "      <th>Flavanoids</th>\n",
       "      <th>Nonflavanoid_Phenols</th>\n",
       "      <th>Proanthocyanins</th>\n",
       "      <th>Color_Intensity</th>\n",
       "      <th>Hue</th>\n",
       "      <th>OD280</th>\n",
       "      <th>Proline</th>\n",
       "      <th>Customer_Segment</th>\n",
       "    </tr>\n",
       "  </thead>\n",
       "  <tbody>\n",
       "    <tr>\n",
       "      <th>Alcohol</th>\n",
       "      <td>0.659062</td>\n",
       "      <td>0.085611</td>\n",
       "      <td>0.047115</td>\n",
       "      <td>-0.841093</td>\n",
       "      <td>3.139878</td>\n",
       "      <td>0.146887</td>\n",
       "      <td>0.192033</td>\n",
       "      <td>-0.015754</td>\n",
       "      <td>0.063518</td>\n",
       "      <td>1.028283</td>\n",
       "      <td>-0.013313</td>\n",
       "      <td>0.041698</td>\n",
       "      <td>164.567185</td>\n",
       "      <td>-0.206515</td>\n",
       "    </tr>\n",
       "    <tr>\n",
       "      <th>Malic_Acid</th>\n",
       "      <td>0.085611</td>\n",
       "      <td>1.248015</td>\n",
       "      <td>0.050277</td>\n",
       "      <td>1.076332</td>\n",
       "      <td>-0.870780</td>\n",
       "      <td>-0.234338</td>\n",
       "      <td>-0.458630</td>\n",
       "      <td>0.040733</td>\n",
       "      <td>-0.141147</td>\n",
       "      <td>0.644838</td>\n",
       "      <td>-0.143326</td>\n",
       "      <td>-0.292447</td>\n",
       "      <td>-67.548867</td>\n",
       "      <td>0.379039</td>\n",
       "    </tr>\n",
       "    <tr>\n",
       "      <th>Ash</th>\n",
       "      <td>0.047115</td>\n",
       "      <td>0.050277</td>\n",
       "      <td>0.075265</td>\n",
       "      <td>0.406208</td>\n",
       "      <td>1.122937</td>\n",
       "      <td>0.022146</td>\n",
       "      <td>0.031535</td>\n",
       "      <td>0.006358</td>\n",
       "      <td>0.001516</td>\n",
       "      <td>0.164654</td>\n",
       "      <td>-0.004682</td>\n",
       "      <td>0.000762</td>\n",
       "      <td>19.319739</td>\n",
       "      <td>-0.010555</td>\n",
       "    </tr>\n",
       "    <tr>\n",
       "      <th>Ash_Alcanity</th>\n",
       "      <td>-0.841093</td>\n",
       "      <td>1.076332</td>\n",
       "      <td>0.406208</td>\n",
       "      <td>11.152686</td>\n",
       "      <td>-3.974760</td>\n",
       "      <td>-0.671149</td>\n",
       "      <td>-1.172083</td>\n",
       "      <td>0.150422</td>\n",
       "      <td>-0.377176</td>\n",
       "      <td>0.145024</td>\n",
       "      <td>-0.209118</td>\n",
       "      <td>-0.656234</td>\n",
       "      <td>-463.355345</td>\n",
       "      <td>1.340364</td>\n",
       "    </tr>\n",
       "    <tr>\n",
       "      <th>Magnesium</th>\n",
       "      <td>3.139878</td>\n",
       "      <td>-0.870780</td>\n",
       "      <td>1.122937</td>\n",
       "      <td>-3.974760</td>\n",
       "      <td>203.989335</td>\n",
       "      <td>1.916470</td>\n",
       "      <td>2.793087</td>\n",
       "      <td>-0.455563</td>\n",
       "      <td>1.932832</td>\n",
       "      <td>6.620521</td>\n",
       "      <td>0.180851</td>\n",
       "      <td>0.669308</td>\n",
       "      <td>1769.158700</td>\n",
       "      <td>-2.315495</td>\n",
       "    </tr>\n",
       "    <tr>\n",
       "      <th>Total_Phenols</th>\n",
       "      <td>0.146887</td>\n",
       "      <td>-0.234338</td>\n",
       "      <td>0.022146</td>\n",
       "      <td>-0.671149</td>\n",
       "      <td>1.916470</td>\n",
       "      <td>0.391690</td>\n",
       "      <td>0.540470</td>\n",
       "      <td>-0.035045</td>\n",
       "      <td>0.219373</td>\n",
       "      <td>-0.079998</td>\n",
       "      <td>0.062039</td>\n",
       "      <td>0.311021</td>\n",
       "      <td>98.171057</td>\n",
       "      <td>-0.348835</td>\n",
       "    </tr>\n",
       "    <tr>\n",
       "      <th>Flavanoids</th>\n",
       "      <td>0.192033</td>\n",
       "      <td>-0.458630</td>\n",
       "      <td>0.031535</td>\n",
       "      <td>-1.172083</td>\n",
       "      <td>2.793087</td>\n",
       "      <td>0.540470</td>\n",
       "      <td>0.997719</td>\n",
       "      <td>-0.066867</td>\n",
       "      <td>0.373148</td>\n",
       "      <td>-0.399169</td>\n",
       "      <td>0.124082</td>\n",
       "      <td>0.558262</td>\n",
       "      <td>155.447492</td>\n",
       "      <td>-0.656091</td>\n",
       "    </tr>\n",
       "    <tr>\n",
       "      <th>Nonflavanoid_Phenols</th>\n",
       "      <td>-0.015754</td>\n",
       "      <td>0.040733</td>\n",
       "      <td>0.006358</td>\n",
       "      <td>0.150422</td>\n",
       "      <td>-0.455563</td>\n",
       "      <td>-0.035045</td>\n",
       "      <td>-0.066867</td>\n",
       "      <td>0.015489</td>\n",
       "      <td>-0.026060</td>\n",
       "      <td>0.040121</td>\n",
       "      <td>-0.007471</td>\n",
       "      <td>-0.044469</td>\n",
       "      <td>-12.203586</td>\n",
       "      <td>0.047177</td>\n",
       "    </tr>\n",
       "    <tr>\n",
       "      <th>Proanthocyanins</th>\n",
       "      <td>0.063518</td>\n",
       "      <td>-0.141147</td>\n",
       "      <td>0.001516</td>\n",
       "      <td>-0.377176</td>\n",
       "      <td>1.932832</td>\n",
       "      <td>0.219373</td>\n",
       "      <td>0.373148</td>\n",
       "      <td>-0.026060</td>\n",
       "      <td>0.327595</td>\n",
       "      <td>-0.033504</td>\n",
       "      <td>0.038665</td>\n",
       "      <td>0.210933</td>\n",
       "      <td>59.554334</td>\n",
       "      <td>-0.221413</td>\n",
       "    </tr>\n",
       "    <tr>\n",
       "      <th>Color_Intensity</th>\n",
       "      <td>1.028283</td>\n",
       "      <td>0.644838</td>\n",
       "      <td>0.164654</td>\n",
       "      <td>0.145024</td>\n",
       "      <td>6.620521</td>\n",
       "      <td>-0.079998</td>\n",
       "      <td>-0.399169</td>\n",
       "      <td>0.040121</td>\n",
       "      <td>-0.033504</td>\n",
       "      <td>5.374449</td>\n",
       "      <td>-0.276506</td>\n",
       "      <td>-0.705813</td>\n",
       "      <td>230.767480</td>\n",
       "      <td>0.477339</td>\n",
       "    </tr>\n",
       "    <tr>\n",
       "      <th>Hue</th>\n",
       "      <td>-0.013313</td>\n",
       "      <td>-0.143326</td>\n",
       "      <td>-0.004682</td>\n",
       "      <td>-0.209118</td>\n",
       "      <td>0.180851</td>\n",
       "      <td>0.062039</td>\n",
       "      <td>0.124082</td>\n",
       "      <td>-0.007471</td>\n",
       "      <td>0.038665</td>\n",
       "      <td>-0.276506</td>\n",
       "      <td>0.052245</td>\n",
       "      <td>0.091766</td>\n",
       "      <td>17.000223</td>\n",
       "      <td>-0.109368</td>\n",
       "    </tr>\n",
       "    <tr>\n",
       "      <th>OD280</th>\n",
       "      <td>0.041698</td>\n",
       "      <td>-0.292447</td>\n",
       "      <td>0.000762</td>\n",
       "      <td>-0.656234</td>\n",
       "      <td>0.669308</td>\n",
       "      <td>0.311021</td>\n",
       "      <td>0.558262</td>\n",
       "      <td>-0.044469</td>\n",
       "      <td>0.210933</td>\n",
       "      <td>-0.705813</td>\n",
       "      <td>0.091766</td>\n",
       "      <td>0.504086</td>\n",
       "      <td>69.927526</td>\n",
       "      <td>-0.433737</td>\n",
       "    </tr>\n",
       "    <tr>\n",
       "      <th>Proline</th>\n",
       "      <td>164.567185</td>\n",
       "      <td>-67.548867</td>\n",
       "      <td>19.319739</td>\n",
       "      <td>-463.355345</td>\n",
       "      <td>1769.158700</td>\n",
       "      <td>98.171057</td>\n",
       "      <td>155.447492</td>\n",
       "      <td>-12.203586</td>\n",
       "      <td>59.554334</td>\n",
       "      <td>230.767480</td>\n",
       "      <td>17.000223</td>\n",
       "      <td>69.927526</td>\n",
       "      <td>99166.717355</td>\n",
       "      <td>-154.667651</td>\n",
       "    </tr>\n",
       "    <tr>\n",
       "      <th>Customer_Segment</th>\n",
       "      <td>-0.206515</td>\n",
       "      <td>0.379039</td>\n",
       "      <td>-0.010555</td>\n",
       "      <td>1.340364</td>\n",
       "      <td>-2.315495</td>\n",
       "      <td>-0.348835</td>\n",
       "      <td>-0.656091</td>\n",
       "      <td>0.047177</td>\n",
       "      <td>-0.221413</td>\n",
       "      <td>0.477339</td>\n",
       "      <td>-0.109368</td>\n",
       "      <td>-0.433737</td>\n",
       "      <td>-154.667651</td>\n",
       "      <td>0.600679</td>\n",
       "    </tr>\n",
       "  </tbody>\n",
       "</table>\n",
       "</div>"
      ],
      "text/plain": [
       "                         Alcohol  Malic_Acid        Ash  Ash_Alcanity  \\\n",
       "Alcohol                 0.659062    0.085611   0.047115     -0.841093   \n",
       "Malic_Acid              0.085611    1.248015   0.050277      1.076332   \n",
       "Ash                     0.047115    0.050277   0.075265      0.406208   \n",
       "Ash_Alcanity           -0.841093    1.076332   0.406208     11.152686   \n",
       "Magnesium               3.139878   -0.870780   1.122937     -3.974760   \n",
       "Total_Phenols           0.146887   -0.234338   0.022146     -0.671149   \n",
       "Flavanoids              0.192033   -0.458630   0.031535     -1.172083   \n",
       "Nonflavanoid_Phenols   -0.015754    0.040733   0.006358      0.150422   \n",
       "Proanthocyanins         0.063518   -0.141147   0.001516     -0.377176   \n",
       "Color_Intensity         1.028283    0.644838   0.164654      0.145024   \n",
       "Hue                    -0.013313   -0.143326  -0.004682     -0.209118   \n",
       "OD280                   0.041698   -0.292447   0.000762     -0.656234   \n",
       "Proline               164.567185  -67.548867  19.319739   -463.355345   \n",
       "Customer_Segment       -0.206515    0.379039  -0.010555      1.340364   \n",
       "\n",
       "                        Magnesium  Total_Phenols  Flavanoids  \\\n",
       "Alcohol                  3.139878       0.146887    0.192033   \n",
       "Malic_Acid              -0.870780      -0.234338   -0.458630   \n",
       "Ash                      1.122937       0.022146    0.031535   \n",
       "Ash_Alcanity            -3.974760      -0.671149   -1.172083   \n",
       "Magnesium              203.989335       1.916470    2.793087   \n",
       "Total_Phenols            1.916470       0.391690    0.540470   \n",
       "Flavanoids               2.793087       0.540470    0.997719   \n",
       "Nonflavanoid_Phenols    -0.455563      -0.035045   -0.066867   \n",
       "Proanthocyanins          1.932832       0.219373    0.373148   \n",
       "Color_Intensity          6.620521      -0.079998   -0.399169   \n",
       "Hue                      0.180851       0.062039    0.124082   \n",
       "OD280                    0.669308       0.311021    0.558262   \n",
       "Proline               1769.158700      98.171057  155.447492   \n",
       "Customer_Segment        -2.315495      -0.348835   -0.656091   \n",
       "\n",
       "                      Nonflavanoid_Phenols  Proanthocyanins  Color_Intensity  \\\n",
       "Alcohol                          -0.015754         0.063518         1.028283   \n",
       "Malic_Acid                        0.040733        -0.141147         0.644838   \n",
       "Ash                               0.006358         0.001516         0.164654   \n",
       "Ash_Alcanity                      0.150422        -0.377176         0.145024   \n",
       "Magnesium                        -0.455563         1.932832         6.620521   \n",
       "Total_Phenols                    -0.035045         0.219373        -0.079998   \n",
       "Flavanoids                       -0.066867         0.373148        -0.399169   \n",
       "Nonflavanoid_Phenols              0.015489        -0.026060         0.040121   \n",
       "Proanthocyanins                  -0.026060         0.327595        -0.033504   \n",
       "Color_Intensity                   0.040121        -0.033504         5.374449   \n",
       "Hue                              -0.007471         0.038665        -0.276506   \n",
       "OD280                            -0.044469         0.210933        -0.705813   \n",
       "Proline                         -12.203586        59.554334       230.767480   \n",
       "Customer_Segment                  0.047177        -0.221413         0.477339   \n",
       "\n",
       "                            Hue      OD280       Proline  Customer_Segment  \n",
       "Alcohol               -0.013313   0.041698    164.567185         -0.206515  \n",
       "Malic_Acid            -0.143326  -0.292447    -67.548867          0.379039  \n",
       "Ash                   -0.004682   0.000762     19.319739         -0.010555  \n",
       "Ash_Alcanity          -0.209118  -0.656234   -463.355345          1.340364  \n",
       "Magnesium              0.180851   0.669308   1769.158700         -2.315495  \n",
       "Total_Phenols          0.062039   0.311021     98.171057         -0.348835  \n",
       "Flavanoids             0.124082   0.558262    155.447492         -0.656091  \n",
       "Nonflavanoid_Phenols  -0.007471  -0.044469    -12.203586          0.047177  \n",
       "Proanthocyanins        0.038665   0.210933     59.554334         -0.221413  \n",
       "Color_Intensity       -0.276506  -0.705813    230.767480          0.477339  \n",
       "Hue                    0.052245   0.091766     17.000223         -0.109368  \n",
       "OD280                  0.091766   0.504086     69.927526         -0.433737  \n",
       "Proline               17.000223  69.927526  99166.717355       -154.667651  \n",
       "Customer_Segment      -0.109368  -0.433737   -154.667651          0.600679  "
      ]
     },
     "execution_count": 8,
     "metadata": {},
     "output_type": "execute_result"
    }
   ],
   "source": [
    "df.cov()"
   ]
  },
  {
   "cell_type": "code",
   "execution_count": 9,
   "id": "93fa9d43-f9b5-4819-ae15-84c22f494477",
   "metadata": {},
   "outputs": [
    {
     "data": {
      "text/html": [
       "<div>\n",
       "<style scoped>\n",
       "    .dataframe tbody tr th:only-of-type {\n",
       "        vertical-align: middle;\n",
       "    }\n",
       "\n",
       "    .dataframe tbody tr th {\n",
       "        vertical-align: top;\n",
       "    }\n",
       "\n",
       "    .dataframe thead th {\n",
       "        text-align: right;\n",
       "    }\n",
       "</style>\n",
       "<table border=\"1\" class=\"dataframe\">\n",
       "  <thead>\n",
       "    <tr style=\"text-align: right;\">\n",
       "      <th></th>\n",
       "      <th>Alcohol</th>\n",
       "      <th>Malic_Acid</th>\n",
       "      <th>Ash</th>\n",
       "      <th>Ash_Alcanity</th>\n",
       "      <th>Magnesium</th>\n",
       "      <th>Total_Phenols</th>\n",
       "      <th>Flavanoids</th>\n",
       "      <th>Nonflavanoid_Phenols</th>\n",
       "      <th>Proanthocyanins</th>\n",
       "      <th>Color_Intensity</th>\n",
       "      <th>Hue</th>\n",
       "      <th>OD280</th>\n",
       "      <th>Proline</th>\n",
       "      <th>Customer_Segment</th>\n",
       "    </tr>\n",
       "  </thead>\n",
       "  <tbody>\n",
       "    <tr>\n",
       "      <th>Alcohol</th>\n",
       "      <td>1.000000</td>\n",
       "      <td>0.094397</td>\n",
       "      <td>0.211545</td>\n",
       "      <td>-0.310235</td>\n",
       "      <td>0.270798</td>\n",
       "      <td>0.289101</td>\n",
       "      <td>0.236815</td>\n",
       "      <td>-0.155929</td>\n",
       "      <td>0.136698</td>\n",
       "      <td>0.546364</td>\n",
       "      <td>-0.071747</td>\n",
       "      <td>0.072343</td>\n",
       "      <td>0.643720</td>\n",
       "      <td>-0.328222</td>\n",
       "    </tr>\n",
       "    <tr>\n",
       "      <th>Malic_Acid</th>\n",
       "      <td>0.094397</td>\n",
       "      <td>1.000000</td>\n",
       "      <td>0.164045</td>\n",
       "      <td>0.288500</td>\n",
       "      <td>-0.054575</td>\n",
       "      <td>-0.335167</td>\n",
       "      <td>-0.411007</td>\n",
       "      <td>0.292977</td>\n",
       "      <td>-0.220746</td>\n",
       "      <td>0.248985</td>\n",
       "      <td>-0.561296</td>\n",
       "      <td>-0.368710</td>\n",
       "      <td>-0.192011</td>\n",
       "      <td>0.437776</td>\n",
       "    </tr>\n",
       "    <tr>\n",
       "      <th>Ash</th>\n",
       "      <td>0.211545</td>\n",
       "      <td>0.164045</td>\n",
       "      <td>1.000000</td>\n",
       "      <td>0.443367</td>\n",
       "      <td>0.286587</td>\n",
       "      <td>0.128980</td>\n",
       "      <td>0.115077</td>\n",
       "      <td>0.186230</td>\n",
       "      <td>0.009652</td>\n",
       "      <td>0.258887</td>\n",
       "      <td>-0.074667</td>\n",
       "      <td>0.003911</td>\n",
       "      <td>0.223626</td>\n",
       "      <td>-0.049643</td>\n",
       "    </tr>\n",
       "    <tr>\n",
       "      <th>Ash_Alcanity</th>\n",
       "      <td>-0.310235</td>\n",
       "      <td>0.288500</td>\n",
       "      <td>0.443367</td>\n",
       "      <td>1.000000</td>\n",
       "      <td>-0.083333</td>\n",
       "      <td>-0.321113</td>\n",
       "      <td>-0.351370</td>\n",
       "      <td>0.361922</td>\n",
       "      <td>-0.197327</td>\n",
       "      <td>0.018732</td>\n",
       "      <td>-0.273955</td>\n",
       "      <td>-0.276769</td>\n",
       "      <td>-0.440597</td>\n",
       "      <td>0.517859</td>\n",
       "    </tr>\n",
       "    <tr>\n",
       "      <th>Magnesium</th>\n",
       "      <td>0.270798</td>\n",
       "      <td>-0.054575</td>\n",
       "      <td>0.286587</td>\n",
       "      <td>-0.083333</td>\n",
       "      <td>1.000000</td>\n",
       "      <td>0.214401</td>\n",
       "      <td>0.195784</td>\n",
       "      <td>-0.256294</td>\n",
       "      <td>0.236441</td>\n",
       "      <td>0.199950</td>\n",
       "      <td>0.055398</td>\n",
       "      <td>0.066004</td>\n",
       "      <td>0.393351</td>\n",
       "      <td>-0.209179</td>\n",
       "    </tr>\n",
       "    <tr>\n",
       "      <th>Total_Phenols</th>\n",
       "      <td>0.289101</td>\n",
       "      <td>-0.335167</td>\n",
       "      <td>0.128980</td>\n",
       "      <td>-0.321113</td>\n",
       "      <td>0.214401</td>\n",
       "      <td>1.000000</td>\n",
       "      <td>0.864564</td>\n",
       "      <td>-0.449935</td>\n",
       "      <td>0.612413</td>\n",
       "      <td>-0.055136</td>\n",
       "      <td>0.433681</td>\n",
       "      <td>0.699949</td>\n",
       "      <td>0.498115</td>\n",
       "      <td>-0.719163</td>\n",
       "    </tr>\n",
       "    <tr>\n",
       "      <th>Flavanoids</th>\n",
       "      <td>0.236815</td>\n",
       "      <td>-0.411007</td>\n",
       "      <td>0.115077</td>\n",
       "      <td>-0.351370</td>\n",
       "      <td>0.195784</td>\n",
       "      <td>0.864564</td>\n",
       "      <td>1.000000</td>\n",
       "      <td>-0.537900</td>\n",
       "      <td>0.652692</td>\n",
       "      <td>-0.172379</td>\n",
       "      <td>0.543479</td>\n",
       "      <td>0.787194</td>\n",
       "      <td>0.494193</td>\n",
       "      <td>-0.847498</td>\n",
       "    </tr>\n",
       "    <tr>\n",
       "      <th>Nonflavanoid_Phenols</th>\n",
       "      <td>-0.155929</td>\n",
       "      <td>0.292977</td>\n",
       "      <td>0.186230</td>\n",
       "      <td>0.361922</td>\n",
       "      <td>-0.256294</td>\n",
       "      <td>-0.449935</td>\n",
       "      <td>-0.537900</td>\n",
       "      <td>1.000000</td>\n",
       "      <td>-0.365845</td>\n",
       "      <td>0.139057</td>\n",
       "      <td>-0.262640</td>\n",
       "      <td>-0.503270</td>\n",
       "      <td>-0.311385</td>\n",
       "      <td>0.489109</td>\n",
       "    </tr>\n",
       "    <tr>\n",
       "      <th>Proanthocyanins</th>\n",
       "      <td>0.136698</td>\n",
       "      <td>-0.220746</td>\n",
       "      <td>0.009652</td>\n",
       "      <td>-0.197327</td>\n",
       "      <td>0.236441</td>\n",
       "      <td>0.612413</td>\n",
       "      <td>0.652692</td>\n",
       "      <td>-0.365845</td>\n",
       "      <td>1.000000</td>\n",
       "      <td>-0.025250</td>\n",
       "      <td>0.295544</td>\n",
       "      <td>0.519067</td>\n",
       "      <td>0.330417</td>\n",
       "      <td>-0.499130</td>\n",
       "    </tr>\n",
       "    <tr>\n",
       "      <th>Color_Intensity</th>\n",
       "      <td>0.546364</td>\n",
       "      <td>0.248985</td>\n",
       "      <td>0.258887</td>\n",
       "      <td>0.018732</td>\n",
       "      <td>0.199950</td>\n",
       "      <td>-0.055136</td>\n",
       "      <td>-0.172379</td>\n",
       "      <td>0.139057</td>\n",
       "      <td>-0.025250</td>\n",
       "      <td>1.000000</td>\n",
       "      <td>-0.521813</td>\n",
       "      <td>-0.428815</td>\n",
       "      <td>0.316100</td>\n",
       "      <td>0.265668</td>\n",
       "    </tr>\n",
       "    <tr>\n",
       "      <th>Hue</th>\n",
       "      <td>-0.071747</td>\n",
       "      <td>-0.561296</td>\n",
       "      <td>-0.074667</td>\n",
       "      <td>-0.273955</td>\n",
       "      <td>0.055398</td>\n",
       "      <td>0.433681</td>\n",
       "      <td>0.543479</td>\n",
       "      <td>-0.262640</td>\n",
       "      <td>0.295544</td>\n",
       "      <td>-0.521813</td>\n",
       "      <td>1.000000</td>\n",
       "      <td>0.565468</td>\n",
       "      <td>0.236183</td>\n",
       "      <td>-0.617369</td>\n",
       "    </tr>\n",
       "    <tr>\n",
       "      <th>OD280</th>\n",
       "      <td>0.072343</td>\n",
       "      <td>-0.368710</td>\n",
       "      <td>0.003911</td>\n",
       "      <td>-0.276769</td>\n",
       "      <td>0.066004</td>\n",
       "      <td>0.699949</td>\n",
       "      <td>0.787194</td>\n",
       "      <td>-0.503270</td>\n",
       "      <td>0.519067</td>\n",
       "      <td>-0.428815</td>\n",
       "      <td>0.565468</td>\n",
       "      <td>1.000000</td>\n",
       "      <td>0.312761</td>\n",
       "      <td>-0.788230</td>\n",
       "    </tr>\n",
       "    <tr>\n",
       "      <th>Proline</th>\n",
       "      <td>0.643720</td>\n",
       "      <td>-0.192011</td>\n",
       "      <td>0.223626</td>\n",
       "      <td>-0.440597</td>\n",
       "      <td>0.393351</td>\n",
       "      <td>0.498115</td>\n",
       "      <td>0.494193</td>\n",
       "      <td>-0.311385</td>\n",
       "      <td>0.330417</td>\n",
       "      <td>0.316100</td>\n",
       "      <td>0.236183</td>\n",
       "      <td>0.312761</td>\n",
       "      <td>1.000000</td>\n",
       "      <td>-0.633717</td>\n",
       "    </tr>\n",
       "    <tr>\n",
       "      <th>Customer_Segment</th>\n",
       "      <td>-0.328222</td>\n",
       "      <td>0.437776</td>\n",
       "      <td>-0.049643</td>\n",
       "      <td>0.517859</td>\n",
       "      <td>-0.209179</td>\n",
       "      <td>-0.719163</td>\n",
       "      <td>-0.847498</td>\n",
       "      <td>0.489109</td>\n",
       "      <td>-0.499130</td>\n",
       "      <td>0.265668</td>\n",
       "      <td>-0.617369</td>\n",
       "      <td>-0.788230</td>\n",
       "      <td>-0.633717</td>\n",
       "      <td>1.000000</td>\n",
       "    </tr>\n",
       "  </tbody>\n",
       "</table>\n",
       "</div>"
      ],
      "text/plain": [
       "                       Alcohol  Malic_Acid       Ash  Ash_Alcanity  Magnesium  \\\n",
       "Alcohol               1.000000    0.094397  0.211545     -0.310235   0.270798   \n",
       "Malic_Acid            0.094397    1.000000  0.164045      0.288500  -0.054575   \n",
       "Ash                   0.211545    0.164045  1.000000      0.443367   0.286587   \n",
       "Ash_Alcanity         -0.310235    0.288500  0.443367      1.000000  -0.083333   \n",
       "Magnesium             0.270798   -0.054575  0.286587     -0.083333   1.000000   \n",
       "Total_Phenols         0.289101   -0.335167  0.128980     -0.321113   0.214401   \n",
       "Flavanoids            0.236815   -0.411007  0.115077     -0.351370   0.195784   \n",
       "Nonflavanoid_Phenols -0.155929    0.292977  0.186230      0.361922  -0.256294   \n",
       "Proanthocyanins       0.136698   -0.220746  0.009652     -0.197327   0.236441   \n",
       "Color_Intensity       0.546364    0.248985  0.258887      0.018732   0.199950   \n",
       "Hue                  -0.071747   -0.561296 -0.074667     -0.273955   0.055398   \n",
       "OD280                 0.072343   -0.368710  0.003911     -0.276769   0.066004   \n",
       "Proline               0.643720   -0.192011  0.223626     -0.440597   0.393351   \n",
       "Customer_Segment     -0.328222    0.437776 -0.049643      0.517859  -0.209179   \n",
       "\n",
       "                      Total_Phenols  Flavanoids  Nonflavanoid_Phenols  \\\n",
       "Alcohol                    0.289101    0.236815             -0.155929   \n",
       "Malic_Acid                -0.335167   -0.411007              0.292977   \n",
       "Ash                        0.128980    0.115077              0.186230   \n",
       "Ash_Alcanity              -0.321113   -0.351370              0.361922   \n",
       "Magnesium                  0.214401    0.195784             -0.256294   \n",
       "Total_Phenols              1.000000    0.864564             -0.449935   \n",
       "Flavanoids                 0.864564    1.000000             -0.537900   \n",
       "Nonflavanoid_Phenols      -0.449935   -0.537900              1.000000   \n",
       "Proanthocyanins            0.612413    0.652692             -0.365845   \n",
       "Color_Intensity           -0.055136   -0.172379              0.139057   \n",
       "Hue                        0.433681    0.543479             -0.262640   \n",
       "OD280                      0.699949    0.787194             -0.503270   \n",
       "Proline                    0.498115    0.494193             -0.311385   \n",
       "Customer_Segment          -0.719163   -0.847498              0.489109   \n",
       "\n",
       "                      Proanthocyanins  Color_Intensity       Hue     OD280  \\\n",
       "Alcohol                      0.136698         0.546364 -0.071747  0.072343   \n",
       "Malic_Acid                  -0.220746         0.248985 -0.561296 -0.368710   \n",
       "Ash                          0.009652         0.258887 -0.074667  0.003911   \n",
       "Ash_Alcanity                -0.197327         0.018732 -0.273955 -0.276769   \n",
       "Magnesium                    0.236441         0.199950  0.055398  0.066004   \n",
       "Total_Phenols                0.612413        -0.055136  0.433681  0.699949   \n",
       "Flavanoids                   0.652692        -0.172379  0.543479  0.787194   \n",
       "Nonflavanoid_Phenols        -0.365845         0.139057 -0.262640 -0.503270   \n",
       "Proanthocyanins              1.000000        -0.025250  0.295544  0.519067   \n",
       "Color_Intensity             -0.025250         1.000000 -0.521813 -0.428815   \n",
       "Hue                          0.295544        -0.521813  1.000000  0.565468   \n",
       "OD280                        0.519067        -0.428815  0.565468  1.000000   \n",
       "Proline                      0.330417         0.316100  0.236183  0.312761   \n",
       "Customer_Segment            -0.499130         0.265668 -0.617369 -0.788230   \n",
       "\n",
       "                       Proline  Customer_Segment  \n",
       "Alcohol               0.643720         -0.328222  \n",
       "Malic_Acid           -0.192011          0.437776  \n",
       "Ash                   0.223626         -0.049643  \n",
       "Ash_Alcanity         -0.440597          0.517859  \n",
       "Magnesium             0.393351         -0.209179  \n",
       "Total_Phenols         0.498115         -0.719163  \n",
       "Flavanoids            0.494193         -0.847498  \n",
       "Nonflavanoid_Phenols -0.311385          0.489109  \n",
       "Proanthocyanins       0.330417         -0.499130  \n",
       "Color_Intensity       0.316100          0.265668  \n",
       "Hue                   0.236183         -0.617369  \n",
       "OD280                 0.312761         -0.788230  \n",
