{
 "cells": [
  {
   "cell_type": "markdown",
   "id": "01be18f9-4f4d-476e-92c0-3268054ce97f",
   "metadata": {},
   "source": [
    "# Classification"
   ]
  },
  {
   "cell_type": "markdown",
   "id": "eb07ee10-90a5-4b03-bd1a-9c222d8cd243",
   "metadata": {},
   "source": [
    "## problem definition\n",
    "- predict if a patient will suffer with heart disease"
   ]
  },
  {
   "cell_type": "markdown",
   "id": "59088e17-2f6c-4cfa-bfbb-2b8fc09926f1",
   "metadata": {},
   "source": [
    "### import required packages"
   ]
  },
  {
   "cell_type": "code",
   "execution_count": 1,
   "id": "8d582596-cc58-488e-a7ef-ca7c6fb400fe",
   "metadata": {},
   "outputs": [],
   "source": [
    "import numpy as np\n",
    "import pandas as pd\n",
    "import matplotlib.pyplot as plt\n",
    "import seaborn as sns"
   ]
  },
  {
   "cell_type": "markdown",
   "id": "f22c76ea-123e-4025-ace2-2ecb2e4a84f0",
   "metadata": {},
   "source": [
    "### load the data"
   ]
  },
  {
   "cell_type": "code",
   "execution_count": 3,
   "id": "6c22276f-35e0-4996-9596-bf5a986315f8",
   "metadata": {},
   "outputs": [
    {
     "data": {
      "text/html": [
       "<div>\n",
       "<style scoped>\n",
       "    .dataframe tbody tr th:only-of-type {\n",
       "        vertical-align: middle;\n",
       "    }\n",
       "\n",
       "    .dataframe tbody tr th {\n",
       "        vertical-align: top;\n",
       "    }\n",
       "\n",
       "    .dataframe thead th {\n",
       "        text-align: right;\n",
       "    }\n",
       "</style>\n",
       "<table border=\"1\" class=\"dataframe\">\n",
       "  <thead>\n",
       "    <tr style=\"text-align: right;\">\n",
       "      <th></th>\n",
       "      <th>age</th>\n",
       "      <th>sex</th>\n",
       "      <th>cp</th>\n",
       "      <th>trestbps</th>\n",
       "      <th>chol</th>\n",
       "      <th>fbs</th>\n",
       "      <th>restecg</th>\n",
       "      <th>thalach</th>\n",
       "      <th>exang</th>\n",
       "      <th>oldpeak</th>\n",
       "      <th>slope</th>\n",
       "      <th>ca</th>\n",
       "      <th>thal</th>\n",
       "      <th>target</th>\n",
       "    </tr>\n",
       "  </thead>\n",
       "  <tbody>\n",
       "    <tr>\n",
       "      <th>0</th>\n",
       "      <td>63</td>\n",
       "      <td>1</td>\n",
       "      <td>3</td>\n",
       "      <td>145</td>\n",
       "      <td>233</td>\n",
       "      <td>1</td>\n",
       "      <td>0</td>\n",
       "      <td>150</td>\n",
       "      <td>0</td>\n",
       "      <td>2.3</td>\n",
       "      <td>0</td>\n",
       "      <td>0</td>\n",
       "      <td>1</td>\n",
       "      <td>1</td>\n",
       "    </tr>\n",
       "    <tr>\n",
       "      <th>1</th>\n",
       "      <td>37</td>\n",
       "      <td>1</td>\n",
       "      <td>2</td>\n",
       "      <td>130</td>\n",
       "      <td>250</td>\n",
       "      <td>0</td>\n",
       "      <td>1</td>\n",
       "      <td>187</td>\n",
       "      <td>0</td>\n",
       "      <td>3.5</td>\n",
       "      <td>0</td>\n",
       "      <td>0</td>\n",
       "      <td>2</td>\n",
       "      <td>1</td>\n",
       "    </tr>\n",
       "    <tr>\n",
       "      <th>2</th>\n",
       "      <td>41</td>\n",
       "      <td>0</td>\n",
       "      <td>1</td>\n",
       "      <td>130</td>\n",
       "      <td>204</td>\n",
       "      <td>0</td>\n",
       "      <td>0</td>\n",
       "      <td>172</td>\n",
       "      <td>0</td>\n",
       "      <td>1.4</td>\n",
       "      <td>2</td>\n",
       "      <td>0</td>\n",
       "      <td>2</td>\n",
       "      <td>1</td>\n",
       "    </tr>\n",
       "  </tbody>\n",
       "</table>\n",
       "</div>"
      ],
      "text/plain": [
       "   age  sex  cp  trestbps  chol  fbs  restecg  thalach  exang  oldpeak  slope  \\\n",
       "0   63    1   3       145   233    1        0      150      0      2.3      0   \n",
       "1   37    1   2       130   250    0        1      187      0      3.5      0   \n",
       "2   41    0   1       130   204    0        0      172      0      1.4      2   \n",
       "\n",
       "   ca  thal  target  \n",
       "0   0     1       1  \n",
       "1   0     2       1  \n",
       "2   0     2       1  "
      ]
     },
     "execution_count": 3,
     "metadata": {},
     "output_type": "execute_result"
    }
   ],
   "source": [
    "df = pd.read_csv('heart_disease.csv')\n",
    "df.head(3)"
   ]
  },
  {
   "cell_type": "markdown",
   "id": "2b7d7e52-2da0-4df4-b0dc-bc2d923c7c7b",
   "metadata": {},
   "source": [
    "### exploratory data analysis"
   ]
  },
  {
   "cell_type": "code",
   "execution_count": 4,
   "id": "66123f0d-d71e-4632-83f5-b1d03502aea8",
   "metadata": {},
   "outputs": [
    {
     "name": "stdout",
     "output_type": "stream",
     "text": [
      "<class 'pandas.core.frame.DataFrame'>\n",
      "RangeIndex: 303 entries, 0 to 302\n",
      "Data columns (total 14 columns):\n",
      " #   Column    Non-Null Count  Dtype  \n",
      "---  ------    --------------  -----  \n",
      " 0   age       303 non-null    int64  \n",
      " 1   sex       303 non-null    int64  \n",
      " 2   cp        303 non-null    int64  \n",
      " 3   trestbps  303 non-null    int64  \n",
      " 4   chol      303 non-null    int64  \n",
      " 5   fbs       303 non-null    int64  \n",
      " 6   restecg   303 non-null    int64  \n",
      " 7   thalach   303 non-null    int64  \n",
      " 8   exang     303 non-null    int64  \n",
      " 9   oldpeak   303 non-null    float64\n",
      " 10  slope     303 non-null    int64  \n",
      " 11  ca        303 non-null    int64  \n",
      " 12  thal      303 non-null    int64  \n",
      " 13  target    303 non-null    int64  \n",
      "dtypes: float64(1), int64(13)\n",
      "memory usage: 33.3 KB\n"
     ]
    }
   ],
   "source": [
    "df.info()"
   ]
  },
  {
   "cell_type": "code",
   "execution_count": 5,
   "id": "3bf3d835-648c-47db-9928-52d0b9c0ba14",
   "metadata": {},
   "outputs": [
    {
     "data": {
      "text/plain": [
       "age         0\n",
       "sex         0\n",
       "cp          0\n",
       "trestbps    0\n",
       "chol        0\n",
       "fbs         0\n",
       "restecg     0\n",
       "thalach     0\n",
       "exang       0\n",
       "oldpeak     0\n",
       "slope       0\n",
       "ca          0\n",
       "thal        0\n",
       "target      0\n",
       "dtype: int64"
      ]
     },
     "execution_count": 5,
     "metadata": {},
     "output_type": "execute_result"
    }
   ],
   "source": [
    "df.isna().sum()"
   ]
  },
  {
   "cell_type": "code",
   "execution_count": 7,
   "id": "2c588b72-c2ae-400e-b8e3-50ebd32ef2a3",
   "metadata": {},
   "outputs": [
    {
     "data": {
      "text/plain": [
       "target\n",
       "1    165\n",
       "0    138\n",
       "Name: count, dtype: int64"
      ]
     },
     "execution_count": 7,
     "metadata": {},
     "output_type": "execute_result"
    }
   ],
   "source": [
    "# check if the data is imbalanced\n",
    "df['target'].value_counts()"
   ]
  },
  {
   "cell_type": "code",
   "execution_count": 8,
   "id": "330a1820-2ee7-4bf8-8319-cbab5861898f",
   "metadata": {},
   "outputs": [
    {
     "data": {
      "text/html": [
       "<div>\n",
       "<style scoped>\n",
       "    .dataframe tbody tr th:only-of-type {\n",
       "        vertical-align: middle;\n",
       "    }\n",
       "\n",
       "    .dataframe tbody tr th {\n",
       "        vertical-align: top;\n",
       "    }\n",
       "\n",
       "    .dataframe thead th {\n",
       "        text-align: right;\n",
       "    }\n",
       "</style>\n",
       "<table border=\"1\" class=\"dataframe\">\n",
       "  <thead>\n",
       "    <tr style=\"text-align: right;\">\n",
       "      <th></th>\n",
       "      <th>age</th>\n",
       "      <th>sex</th>\n",
       "      <th>cp</th>\n",
       "      <th>trestbps</th>\n",
       "      <th>chol</th>\n",
       "      <th>fbs</th>\n",
       "      <th>restecg</th>\n",
       "      <th>thalach</th>\n",
       "      <th>exang</th>\n",
       "      <th>oldpeak</th>\n",
       "      <th>slope</th>\n",
       "      <th>ca</th>\n",
       "      <th>thal</th>\n",
       "      <th>target</th>\n",
       "    </tr>\n",
       "  </thead>\n",
       "  <tbody>\n",
       "    <tr>\n",
       "      <th>age</th>\n",
       "      <td>82.484558</td>\n",
       "      <td>-0.416661</td>\n",
       "      <td>-0.643499</td>\n",
       "      <td>44.495902</td>\n",
       "      <td>100.585076</td>\n",
       "      <td>0.392433</td>\n",
       "      <td>-0.555013</td>\n",
       "      <td>-82.903318</td>\n",
       "      <td>0.413022</td>\n",
       "      <td>2.214583</td>\n",
       "      <td>-0.944791</td>\n",
       "      <td>2.566356</td>\n",
       "      <td>0.378139</td>\n",
       "      <td>-1.021343</td>\n",
       "    </tr>\n",
       "    <tr>\n",
       "      <th>sex</th>\n",
       "      <td>-0.416661</td>\n",
       "      <td>0.217166</td>\n",
       "      <td>-0.023736</td>\n",
       "      <td>-0.463970</td>\n",
       "      <td>-4.780309</td>\n",
       "      <td>0.007475</td>\n",
       "      <td>-0.014261</td>\n",
       "      <td>-0.469871</td>\n",
       "      <td>0.031014</td>\n",
       "      <td>0.051993</td>\n",
       "      <td>-0.008819</td>\n",
       "      <td>0.056357</td>\n",
       "      <td>0.059930</td>\n",
       "      <td>-0.065307</td>\n",
       "    </tr>\n",
       "    <tr>\n",
       "      <th>cp</th>\n",
       "      <td>-0.643499</td>\n",
       "      <td>-0.023736</td>\n",
       "      <td>1.065132</td>\n",
       "      <td>0.861714</td>\n",
       "      <td>-4.113774</td>\n",
       "      <td>0.034719</td>\n",
       "      <td>0.024108</td>\n",
       "      <td>6.991618</td>\n",
       "      <td>-0.191168</td>\n",
       "      <td>-0.178821</td>\n",
       "      <td>0.076137</td>\n",
       "      <td>-0.191080</td>\n",
       "      <td>-0.102201</td>\n",
       "      <td>0.223330</td>\n",
       "    </tr>\n",
       "    <tr>\n",
       "      <th>trestbps</th>\n",
       "      <td>44.495902</td>\n",
       "      <td>-0.463970</td>\n",
       "      <td>0.861714</td>\n",
       "      <td>307.586453</td>\n",
       "      <td>111.967215</td>\n",
       "      <td>1.109042</td>\n",
       "      <td>-1.052324</td>\n",
       "      <td>-18.759131</td>\n",
       "      <td>0.557111</td>\n",
       "      <td>3.934486</td>\n",
       "      <td>-1.312832</td>\n",
       "      <td>1.818373</td>\n",
       "      <td>0.668022</td>\n",
       "      <td>-1.267950</td>\n",
       "    </tr>\n",
       "    <tr>\n",
       "      <th>chol</th>\n",
       "      <td>100.585076</td>\n",
       "      <td>-4.780309</td>\n",
       "      <td>-4.113774</td>\n",
       "      <td>111.967215</td>\n",
       "      <td>2686.426748</td>\n",
       "      <td>0.245427</td>\n",
       "      <td>-4.116703</td>\n",
       "      <td>-11.800494</td>\n",
       "      <td>1.631991</td>\n",
       "      <td>3.246794</td>\n",
       "      <td>-0.128964</td>\n",
       "      <td>3.737252</td>\n",
       "      <td>3.135488</td>\n",
       "      <td>-2.203855</td>\n",
       "    </tr>\n",
       "    <tr>\n",
       "      <th>fbs</th>\n",
       "      <td>0.392433</td>\n",
       "      <td>0.007475</td>\n",
       "      <td>0.034719</td>\n",
       "      <td>1.109042</td>\n",
       "      <td>0.245427</td>\n",
       "      <td>0.126877</td>\n",
       "      <td>-0.015769</td>\n",
       "      <td>-0.069897</td>\n",
       "      <td>0.004295</td>\n",
       "      <td>0.002377</td>\n",
       "      <td>-0.013147</td>\n",
       "      <td>0.050259</td>\n",
       "      <td>-0.006983</td>\n",
       "      <td>-0.004983</td>\n",
       "    </tr>\n",
       "    <tr>\n",
       "      <th>restecg</th>\n",
       "      <td>-0.555013</td>\n",
       "      <td>-0.014261</td>\n",
       "      <td>0.024108</td>\n",
       "      <td>-1.052324</td>\n",
       "      <td>-4.116703</td>\n",
       "      <td>-0.015769</td>\n",
       "      <td>0.276528</td>\n",
       "      <td>0.531462</td>\n",
       "      <td>-0.017474</td>\n",
       "      <td>-0.035883</td>\n",
       "      <td>0.030151</td>\n",
       "      <td>-0.038741</td>\n",
       "      <td>-0.003858</td>\n",
       "      <td>0.035998</td>\n",
       "    </tr>\n",
       "    <tr>\n",
       "      <th>thalach</th>\n",
       "      <td>-82.903318</td>\n",
       "      <td>-0.469871</td>\n",
       "      <td>6.991618</td>\n",
       "      <td>-18.759131</td>\n",
       "      <td>-11.800494</td>\n",
       "      <td>-0.069897</td>\n",
       "      <td>0.531462</td>\n",
       "      <td>524.646406</td>\n",
       "      <td>-4.076290</td>\n",
       "      <td>-9.153518</td>\n",
       "      <td>5.459369</td>\n",
       "      <td>-4.993235</td>\n",
       "      <td>-1.352491</td>\n",
       "      <td>4.818766</td>\n",
       "    </tr>\n",
       "    <tr>\n",
       "      <th>exang</th>\n",
       "      <td>0.413022</td>\n",
       "      <td>0.031014</td>\n",
       "      <td>-0.191168</td>\n",
       "      <td>0.557111</td>\n",
       "      <td>1.631991</td>\n",
       "      <td>0.004295</td>\n",
       "      <td>-0.017474</td>\n",
       "      <td>-4.076290</td>\n",
       "      <td>0.220707</td>\n",
       "      <td>0.157216</td>\n",
       "      <td>-0.074618</td>\n",
       "      <td>0.055603</td>\n",
       "      <td>0.059472</td>\n",
       "      <td>-0.102354</td>\n",
       "    </tr>\n",
       "    <tr>\n",
       "      <th>oldpeak</th>\n",
       "      <td>2.214583</td>\n",
       "      <td>0.051993</td>\n",
       "      <td>-0.178821</td>\n",
       "      <td>3.934486</td>\n",
       "      <td>3.246794</td>\n",
       "      <td>0.002377</td>\n",
       "      <td>-0.035883</td>\n",
       "      <td>-9.153518</td>\n",
       "      <td>0.157216</td>\n",
       "      <td>1.348095</td>\n",
       "      <td>-0.413219</td>\n",
       "      <td>0.264396</td>\n",
       "      <td>0.149462</td>\n",
       "      <td>-0.249452</td>\n",
       "    </tr>\n",
       "    <tr>\n",
       "      <th>slope</th>\n",
       "      <td>-0.944791</td>\n",
       "      <td>-0.008819</td>\n",
       "      <td>0.076137</td>\n",
       "      <td>-1.312832</td>\n",
       "      <td>-0.128964</td>\n",
       "      <td>-0.013147</td>\n",
       "      <td>0.030151</td>\n",
       "      <td>5.459369</td>\n",
       "      <td>-0.074618</td>\n",
       "      <td>-0.413219</td>\n",
       "      <td>0.379735</td>\n",
       "      <td>-0.050510</td>\n",
       "      <td>-0.039527</td>\n",
       "      <td>0.106321</td>\n",
       "    </tr>\n",
       "    <tr>\n",
       "      <th>ca</th>\n",
       "      <td>2.566356</td>\n",
       "      <td>0.056357</td>\n",
       "      <td>-0.191080</td>\n",
       "      <td>1.818373</td>\n",
       "      <td>3.737252</td>\n",
       "      <td>0.050259</td>\n",
       "      <td>-0.038741</td>\n",
       "      <td>-4.993235</td>\n",
       "      <td>0.055603</td>\n",
       "      <td>0.264396</td>\n",
       "      <td>-0.050510</td>\n",
       "      <td>1.045724</td>\n",
       "      <td>0.095065</td>\n",
       "      <td>-0.199823</td>\n",
       "    </tr>\n",
       "    <tr>\n",
       "      <th>thal</th>\n",
       "      <td>0.378139</td>\n",
       "      <td>0.059930</td>\n",
       "      <td>-0.102201</td>\n",
       "      <td>0.668022</td>\n",
       "      <td>3.135488</td>\n",
       "      <td>-0.006983</td>\n",
       "      <td>-0.003858</td>\n",
       "      <td>-1.352491</td>\n",
       "      <td>0.059472</td>\n",
       "      <td>0.149462</td>\n",
       "      <td>-0.039527</td>\n",
       "      <td>0.095065</td>\n",
       "      <td>0.374883</td>\n",
       "      <td>-0.105075</td>\n",
       "    </tr>\n",
       "    <tr>\n",
       "      <th>target</th>\n",
       "      <td>-1.021343</td>\n",
       "      <td>-0.065307</td>\n",
       "      <td>0.223330</td>\n",
       "      <td>-1.267950</td>\n",
       "      <td>-2.203855</td>\n",
       "      <td>-0.004983</td>\n",
       "      <td>0.035998</td>\n",
       "      <td>4.818766</td>\n",
       "      <td>-0.102354</td>\n",
       "      <td>-0.249452</td>\n",
       "      <td>0.106321</td>\n",
       "      <td>-0.199823</td>\n",
       "      <td>-0.105075</td>\n",
       "      <td>0.248836</td>\n",
       "    </tr>\n",
       "  </tbody>\n",
       "</table>\n",
       "</div>"
      ],
      "text/plain": [
       "                 age       sex        cp    trestbps         chol       fbs  \\\n",
       "age        82.484558 -0.416661 -0.643499   44.495902   100.585076  0.392433   \n",
       "sex        -0.416661  0.217166 -0.023736   -0.463970    -4.780309  0.007475   \n",
       "cp         -0.643499 -0.023736  1.065132    0.861714    -4.113774  0.034719   \n",
       "trestbps   44.495902 -0.463970  0.861714  307.586453   111.967215  1.109042   \n",
       "chol      100.585076 -4.780309 -4.113774  111.967215  2686.426748  0.245427   \n",
       "fbs         0.392433  0.007475  0.034719    1.109042     0.245427  0.126877   \n",
       "restecg    -0.555013 -0.014261  0.024108   -1.052324    -4.116703 -0.015769   \n",
       "thalach   -82.903318 -0.469871  6.991618  -18.759131   -11.800494 -0.069897   \n",
       "exang       0.413022  0.031014 -0.191168    0.557111     1.631991  0.004295   \n",
       "oldpeak     2.214583  0.051993 -0.178821    3.934486     3.246794  0.002377   \n",
       "slope      -0.944791 -0.008819  0.076137   -1.312832    -0.128964 -0.013147   \n",
       "ca          2.566356  0.056357 -0.191080    1.818373     3.737252  0.050259   \n",
       "thal        0.378139  0.059930 -0.102201    0.668022     3.135488 -0.006983   \n",
       "target     -1.021343 -0.065307  0.223330   -1.267950    -2.203855 -0.004983   \n",
       "\n",
       "           restecg     thalach     exang   oldpeak     slope        ca  \\\n",
       "age      -0.555013  -82.903318  0.413022  2.214583 -0.944791  2.566356   \n",
       "sex      -0.014261   -0.469871  0.031014  0.051993 -0.008819  0.056357   \n",
       "cp        0.024108    6.991618 -0.191168 -0.178821  0.076137 -0.191080   \n",
       "trestbps -1.052324  -18.759131  0.557111  3.934486 -1.312832  1.818373   \n",
       "chol     -4.116703  -11.800494  1.631991  3.246794 -0.128964  3.737252   \n",
       "fbs      -0.015769   -0.069897  0.004295  0.002377 -0.013147  0.050259   \n",
       "restecg   0.276528    0.531462 -0.017474 -0.035883  0.030151 -0.038741   \n",
       "thalach   0.531462  524.646406 -4.076290 -9.153518  5.459369 -4.993235   \n",
       "exang    -0.017474   -4.076290  0.220707  0.157216 -0.074618  0.055603   \n",
       "oldpeak  -0.035883   -9.153518  0.157216  1.348095 -0.413219  0.264396   \n",
       "slope     0.030151    5.459369 -0.074618 -0.413219  0.379735 -0.050510   \n",
       "ca       -0.038741   -4.993235  0.055603  0.264396 -0.050510  1.045724   \n",
       "thal     -0.003858   -1.352491  0.059472  0.149462 -0.039527  0.095065   \n",
       "target    0.035998    4.818766 -0.102354 -0.249452  0.106321 -0.199823   \n",
       "\n",
       "              thal    target  \n",
       "age       0.378139 -1.021343  \n",
       "sex       0.059930 -0.065307  \n",
       "cp       -0.102201  0.223330  \n",
       "trestbps  0.668022 -1.267950  \n",
       "chol      3.135488 -2.203855  \n",
       "fbs      -0.006983 -0.004983  \n",
       "restecg  -0.003858  0.035998  \n",
       "thalach  -1.352491  4.818766  \n",
       "exang     0.059472 -0.102354  \n",
       "oldpeak   0.149462 -0.249452  \n",
       "slope    -0.039527  0.106321  \n",
       "ca        0.095065 -0.199823  \n",
       "thal      0.374883 -0.105075  \n",
       "target   -0.105075  0.248836  "
      ]
     },
     "execution_count": 8,
     "metadata": {},
     "output_type": "execute_result"
    }
   ],
   "source": [
    "df.cov()"
   ]
  },
  {
   "cell_type": "code",
   "execution_count": 9,
   "id": "6d9d9e19-f617-47a3-9423-6b36f1d8c05a",
   "metadata": {},
   "outputs": [
    {
     "data": {
      "text/html": [
       "<div>\n",
       "<style scoped>\n",
       "    .dataframe tbody tr th:only-of-type {\n",
       "        vertical-align: middle;\n",
       "    }\n",
       "\n",
       "    .dataframe tbody tr th {\n",
       "        vertical-align: top;\n",
       "    }\n",
       "\n",
       "    .dataframe thead th {\n",
       "        text-align: right;\n",
       "    }\n",
       "</style>\n",
       "<table border=\"1\" class=\"dataframe\">\n",
       "  <thead>\n",
       "    <tr style=\"text-align: right;\">\n",
       "      <th></th>\n",
       "      <th>age</th>\n",
       "      <th>sex</th>\n",
       "      <th>cp</th>\n",
       "      <th>trestbps</th>\n",
       "      <th>chol</th>\n",
       "      <th>fbs</th>\n",
       "      <th>restecg</th>\n",
       "      <th>thalach</th>\n",
       "      <th>exang</th>\n",
       "      <th>oldpeak</th>\n",
       "      <th>slope</th>\n",
       "      <th>ca</th>\n",
       "      <th>thal</th>\n",
       "      <th>target</th>\n",
       "    </tr>\n",
       "  </thead>\n",
       "  <tbody>\n",
       "    <tr>\n",
       "      <th>age</th>\n",
       "      <td>1.000000</td>\n",
       "      <td>-0.098447</td>\n",
       "      <td>-0.068653</td>\n",
       "      <td>0.279351</td>\n",
       "      <td>0.213678</td>\n",
       "      <td>0.121308</td>\n",
       "      <td>-0.116211</td>\n",
       "      <td>-0.398522</td>\n",
       "      <td>0.096801</td>\n",
       "      <td>0.210013</td>\n",
       "      <td>-0.168814</td>\n",
       "      <td>0.276326</td>\n",
       "      <td>0.068001</td>\n",
       "      <td>-0.225439</td>\n",
       "    </tr>\n",
       "    <tr>\n",
       "      <th>sex</th>\n",
       "      <td>-0.098447</td>\n",
       "      <td>1.000000</td>\n",
       "      <td>-0.049353</td>\n",
       "      <td>-0.056769</td>\n",
       "      <td>-0.197912</td>\n",
       "      <td>0.045032</td>\n",
       "      <td>-0.058196</td>\n",
       "      <td>-0.044020</td>\n",
       "      <td>0.141664</td>\n",
       "      <td>0.096093</td>\n",
       "      <td>-0.030711</td>\n",
       "      <td>0.118261</td>\n",
       "      <td>0.210041</td>\n",
       "      <td>-0.280937</td>\n",
       "    </tr>\n",
       "    <tr>\n",
       "      <th>cp</th>\n",
       "      <td>-0.068653</td>\n",
       "      <td>-0.049353</td>\n",
       "      <td>1.000000</td>\n",
       "      <td>0.047608</td>\n",
       "      <td>-0.076904</td>\n",
       "      <td>0.094444</td>\n",
       "      <td>0.044421</td>\n",
       "      <td>0.295762</td>\n",
       "      <td>-0.394280</td>\n",
       "      <td>-0.149230</td>\n",
       "      <td>0.119717</td>\n",
       "      <td>-0.181053</td>\n",
       "      <td>-0.161736</td>\n",
       "      <td>0.433798</td>\n",
       "    </tr>\n",
       "    <tr>\n",
       "      <th>trestbps</th>\n",
       "      <td>0.279351</td>\n",
       "      <td>-0.056769</td>\n",
       "      <td>0.047608</td>\n",
       "      <td>1.000000</td>\n",
       "      <td>0.123174</td>\n",
       "      <td>0.177531</td>\n",
       "      <td>-0.114103</td>\n",
       "      <td>-0.046698</td>\n",
       "      <td>0.067616</td>\n",
       "      <td>0.193216</td>\n",
       "      <td>-0.121475</td>\n",
       "      <td>0.101389</td>\n",
       "      <td>0.062210</td>\n",
       "      <td>-0.144931</td>\n",
       "    </tr>\n",
       "    <tr>\n",
       "      <th>chol</th>\n",
       "      <td>0.213678</td>\n",
       "      <td>-0.197912</td>\n",
       "      <td>-0.076904</td>\n",
       "      <td>0.123174</td>\n",
       "      <td>1.000000</td>\n",
       "      <td>0.013294</td>\n",
       "      <td>-0.151040</td>\n",
       "      <td>-0.009940</td>\n",
       "      <td>0.067023</td>\n",
       "      <td>0.053952</td>\n",
       "      <td>-0.004038</td>\n",
       "      <td>0.070511</td>\n",
       "      <td>0.098803</td>\n",
       "      <td>-0.085239</td>\n",
       "    </tr>\n",
       "    <tr>\n",
       "      <th>fbs</th>\n",
       "      <td>0.121308</td>\n",
       "      <td>0.045032</td>\n",
       "      <td>0.094444</td>\n",
       "      <td>0.177531</td>\n",
       "      <td>0.013294</td>\n",
       "      <td>1.000000</td>\n",
       "      <td>-0.084189</td>\n",
       "      <td>-0.008567</td>\n",
       "      <td>0.025665</td>\n",
       "      <td>0.005747</td>\n",
       "      <td>-0.059894</td>\n",
       "      <td>0.137979</td>\n",
       "      <td>-0.032019</td>\n",
       "      <td>-0.028046</td>\n",
       "    </tr>\n",
       "    <tr>\n",
       "      <th>restecg</th>\n",
       "      <td>-0.116211</td>\n",
       "      <td>-0.058196</td>\n",
       "      <td>0.044421</td>\n",
       "      <td>-0.114103</td>\n",
       "      <td>-0.151040</td>\n",
       "      <td>-0.084189</td>\n",
       "      <td>1.000000</td>\n",
       "      <td>0.044123</td>\n",
       "      <td>-0.070733</td>\n",
       "      <td>-0.058770</td>\n",
       "      <td>0.093045</td>\n",
       "      <td>-0.072042</td>\n",
       "      <td>-0.011981</td>\n",
       "      <td>0.137230</td>\n",
       "    </tr>\n",
       "    <tr>\n",
       "      <th>thalach</th>\n",
       "      <td>-0.398522</td>\n",
       "      <td>-0.044020</td>\n",
       "      <td>0.295762</td>\n",
       "      <td>-0.046698</td>\n",
       "      <td>-0.009940</td>\n",
       "      <td>-0.008567</td>\n",
       "      <td>0.044123</td>\n",
       "      <td>1.000000</td>\n",
       "      <td>-0.378812</td>\n",
       "      <td>-0.344187</td>\n",
       "      <td>0.386784</td>\n",
       "      <td>-0.213177</td>\n",
       "      <td>-0.096439</td>\n",
       "      <td>0.421741</td>\n",
       "    </tr>\n",
       "    <tr>\n",
       "      <th>exang</th>\n",
       "      <td>0.096801</td>\n",
       "      <td>0.141664</td>\n",
       "      <td>-0.394280</td>\n",
       "      <td>0.067616</td>\n",
       "      <td>0.067023</td>\n",
       "      <td>0.025665</td>\n",
       "      <td>-0.070733</td>\n",
       "      <td>-0.378812</td>\n",
       "      <td>1.000000</td>\n",
       "      <td>0.288223</td>\n",
       "      <td>-0.257748</td>\n",
       "      <td>0.115739</td>\n",
       "      <td>0.206754</td>\n",
       "      <td>-0.436757</td>\n",
       "    </tr>\n",
       "    <tr>\n",
       "      <th>oldpeak</th>\n",
       "      <td>0.210013</td>\n",
       "      <td>0.096093</td>\n",
       "      <td>-0.149230</td>\n",
       "      <td>0.193216</td>\n",
       "      <td>0.053952</td>\n",
       "      <td>0.005747</td>\n",
       "      <td>-0.058770</td>\n",
       "      <td>-0.344187</td>\n",
       "      <td>0.288223</td>\n",
       "      <td>1.000000</td>\n",
       "      <td>-0.577537</td>\n",
       "      <td>0.222682</td>\n",
       "      <td>0.210244</td>\n",
       "      <td>-0.430696</td>\n",
       "    </tr>\n",
       "    <tr>\n",
       "      <th>slope</th>\n",
       "      <td>-0.168814</td>\n",
       "      <td>-0.030711</td>\n",
       "      <td>0.119717</td>\n",
       "      <td>-0.121475</td>\n",
       "      <td>-0.004038</td>\n",
       "      <td>-0.059894</td>\n",
       "      <td>0.093045</td>\n",
       "      <td>0.386784</td>\n",
       "      <td>-0.257748</td>\n",
       "      <td>-0.577537</td>\n",
       "      <td>1.000000</td>\n",
       "      <td>-0.080155</td>\n",
       "      <td>-0.104764</td>\n",
       "      <td>0.345877</td>\n",
       "    </tr>\n",
       "    <tr>\n",
       "      <th>ca</th>\n",
       "      <td>0.276326</td>\n",
       "      <td>0.118261</td>\n",
       "      <td>-0.181053</td>\n",
       "      <td>0.101389</td>\n",
       "      <td>0.070511</td>\n",
       "      <td>0.137979</td>\n",
       "      <td>-0.072042</td>\n",
       "      <td>-0.213177</td>\n",
       "      <td>0.115739</td>\n",
       "      <td>0.222682</td>\n",
       "      <td>-0.080155</td>\n",
       "      <td>1.000000</td>\n",
       "      <td>0.151832</td>\n",
       "      <td>-0.391724</td>\n",
       "    </tr>\n",
       "    <tr>\n",
       "      <th>thal</th>\n",
       "      <td>0.068001</td>\n",
       "      <td>0.210041</td>\n",
       "      <td>-0.161736</td>\n",
       "      <td>0.062210</td>\n",
       "      <td>0.098803</td>\n",
       "      <td>-0.032019</td>\n",
       "      <td>-0.011981</td>\n",
       "      <td>-0.096439</td>\n",
       "      <td>0.206754</td>\n",
       "      <td>0.210244</td>\n",
       "      <td>-0.104764</td>\n",
       "      <td>0.151832</td>\n",
       "      <td>1.000000</td>\n",
       "      <td>-0.344029</td>\n",
       "    </tr>\n",
       "    <tr>\n",
       "      <th>target</th>\n",
       "      <td>-0.225439</td>\n",
       "      <td>-0.280937</td>\n",
       "      <td>0.433798</td>\n",
       "      <td>-0.144931</td>\n",
       "      <td>-0.085239</td>\n",
       "      <td>-0.028046</td>\n",
       "      <td>0.137230</td>\n",
       "      <td>0.421741</td>\n",
       "      <td>-0.436757</td>\n",
       "      <td>-0.430696</td>\n",
       "      <td>0.345877</td>\n",
       "      <td>-0.391724</td>\n",
       "      <td>-0.344029</td>\n",
       "      <td>1.000000</td>\n",
       "    </tr>\n",
       "  </tbody>\n",
       "</table>\n",
       "</div>"
      ],
      "text/plain": [
       "               age       sex        cp  trestbps      chol       fbs  \\\n",
       "age       1.000000 -0.098447 -0.068653  0.279351  0.213678  0.121308   \n",
       "sex      -0.098447  1.000000 -0.049353 -0.056769 -0.197912  0.045032   \n",
       "cp       -0.068653 -0.049353  1.000000  0.047608 -0.076904  0.094444   \n",
       "trestbps  0.279351 -0.056769  0.047608  1.000000  0.123174  0.177531   \n",
       "chol      0.213678 -0.197912 -0.076904  0.123174  1.000000  0.013294   \n",
       "fbs       0.121308  0.045032  0.094444  0.177531  0.013294  1.000000   \n",
       "restecg  -0.116211 -0.058196  0.044421 -0.114103 -0.151040 -0.084189   \n",
       "thalach  -0.398522 -0.044020  0.295762 -0.046698 -0.009940 -0.008567   \n",
       "exang     0.096801  0.141664 -0.394280  0.067616  0.067023  0.025665   \n",
       "oldpeak   0.210013  0.096093 -0.149230  0.193216  0.053952  0.005747   \n",
       "slope    -0.168814 -0.030711  0.119717 -0.121475 -0.004038 -0.059894   \n",
       "ca        0.276326  0.118261 -0.181053  0.101389  0.070511  0.137979   \n",
       "thal      0.068001  0.210041 -0.161736  0.062210  0.098803 -0.032019   \n",
       "target   -0.225439 -0.280937  0.433798 -0.144931 -0.085239 -0.028046   \n",
       "\n",
       "           restecg   thalach     exang   oldpeak     slope        ca  \\\n",
       "age      -0.116211 -0.398522  0.096801  0.210013 -0.168814  0.276326   \n",
       "sex      -0.058196 -0.044020  0.141664  0.096093 -0.030711  0.118261   \n",
       "cp        0.044421  0.295762 -0.394280 -0.149230  0.119717 -0.181053   \n",
       "trestbps -0.114103 -0.046698  0.067616  0.193216 -0.121475  0.101389   \n",
       "chol     -0.151040 -0.009940  0.067023  0.053952 -0.004038  0.070511   \n",
       "fbs      -0.084189 -0.008567  0.025665  0.005747 -0.059894  0.137979   \n",
       "restecg   1.000000  0.044123 -0.070733 -0.058770  0.093045 -0.072042   \n",
       "thalach   0.044123  1.000000 -0.378812 -0.344187  0.386784 -0.213177   \n",
       "exang    -0.070733 -0.378812  1.000000  0.288223 -0.257748  0.115739   \n",
       "oldpeak  -0.058770 -0.344187  0.288223  1.000000 -0.577537  0.222682   \n",
       "slope     0.093045  0.386784 -0.257748 -0.577537  1.000000 -0.080155   \n",
       "ca       -0.072042 -0.213177  0.115739  0.222682 -0.080155  1.000000   \n",
       "thal     -0.011981 -0.096439  0.206754  0.210244 -0.104764  0.151832   \n",
       "target    0.137230  0.421741 -0.436757 -0.430696  0.345877 -0.391724   \n",
       "\n",
       "              thal    target  \n",
       "age       0.068001 -0.225439  \n",
       "sex       0.210041 -0.280937  \n",
       "cp       -0.161736  0.433798  \n",
       "trestbps  0.062210 -0.144931  \n",
       "chol      0.098803 -0.085239  \n",
       "fbs      -0.032019 -0.028046  \n",
       "restecg  -0.011981  0.137230  \n",
       "thalach  -0.096439  0.421741  \n",
       "exang     0.206754 -0.436757  \n",
       "oldpeak   0.210244 -0.430696  \n",
       "slope    -0.104764  0.345877  \n",
       "ca        0.151832 -0.391724  \n",
       "thal      1.000000 -0.344029  \n",
       "target   -0.344029  1.000000  "
      ]
     },
     "execution_count": 9,
     "metadata": {},
     "output_type": "execute_result"
    }
   ],
   "source": [
    "df.corr()"
   ]
  },
  {
   "cell_type": "code",
   "execution_count": 10,
   "id": "e6f82935-5979-4bb0-9914-6b01e2875fa5",
   "metadata": {},
   "outputs": [
    {
     "data": {
      "text/plain": [
       "14"
      ]
     },
     "execution_count": 10,
     "metadata": {},
     "output_type": "execute_result"
    }
   ],
   "source": [
    "len(df.columns)"
   ]
  },
  {
   "cell_type": "code",
   "execution_count": 27,
   "id": "6f9d029c-ac1c-4124-bc56-cf438cf71c06",
   "metadata": {},
   "outputs": [],
   "source": [
    "# get all the relationships\n",
    "correlation = df.corr()['target']\n",
    "\n",
    "# remove the target column as it is 1.0\n",
    "del correlation['target']"
   ]
  },
  {
   "cell_type": "code",
   "execution_count": 33,
   "id": "de4cd62a-6435-4b0b-9897-7af71f760bb0",
   "metadata": {},
   "outputs": [
    {
     "data": {
      "text/plain": [
       "[0.22543871587483835,\n",
       " 0.2809365755017669,\n",
       " 0.4337982615068947,\n",
       " 0.14493112849775006,\n",
       " 0.08523910513756902,\n",
       " 0.028045760272713008,\n",
       " 0.1372295028737731,\n",
       " 0.4217409338106743,\n",
       " 0.4367570833533032,\n",
       " 0.4306960016873686,\n",
       " 0.3458770782417246,\n",
       " 0.3917239923512525,\n",
       " 0.34402926803831]"
      ]
     },
     "execution_count": 33,
     "metadata": {},
     "output_type": "execute_result"
    }
   ],
   "source": [
    "# get all absolute relationship magnitude\n",
    "values = []\n",
    "for value in correlation.values:\n",
    "    values.append(abs(value))\n",
    "values"
   ]
  },
  {
   "cell_type": "code",
   "execution_count": 36,
   "id": "528faf61-9489-4ff5-886f-28f533fbe334",
   "metadata": {},
   "outputs": [
    {
     "name": "stdout",
     "output_type": "stream",
     "text": [
      "max = 0.4367570833533032, min = 0.028045760272713008, average = 0.2324014218130081\n"
     ]
    }
   ],
   "source": [
    "# find the min and max values\n",
    "max = np.max(values)\n",
    "min = np.min(values)\n",
    "average_correlation = np.mean([min, max])\n",
    "print(f\"max = {max}, min = {min}, average = {average_correlation}\")"
   ]
  },
  {
   "cell_type": "code",
   "execution_count": 39,
   "id": "4b67fdbb-c7bb-4610-bc7b-9f5e6a71a1a5",
   "metadata": {},
   "outputs": [
    {
     "data": {
      "text/plain": [
       "Index(['age', 'sex', 'cp', 'trestbps', 'chol', 'fbs', 'restecg', 'thalach',\n",
       "       'exang', 'oldpeak', 'slope', 'ca', 'thal'],\n",
       "      dtype='object')"
      ]
     },
     "execution_count": 39,
     "metadata": {},
     "output_type": "execute_result"
    }
   ],
   "source": [
    "correlation.index"
   ]
  },
  {
   "cell_type": "code",
   "execution_count": 40,
   "id": "783e7022-f975-4310-95d4-15098c3f8176",
   "metadata": {},
   "outputs": [
    {
     "data": {
      "text/plain": [
       "array([-0.22543872, -0.28093658,  0.43379826, -0.14493113, -0.08523911,\n",
       "       -0.02804576,  0.1372295 ,  0.42174093, -0.43675708, -0.430696  ,\n",
       "        0.34587708, -0.39172399, -0.34402927])"
      ]
     },
     "execution_count": 40,
     "metadata": {},
     "output_type": "execute_result"
    }
   ],
   "source": [
    "correlation.values"
   ]
  },
  {
   "cell_type": "code",
   "execution_count": 43,
   "id": "0e2dd70f-da92-4505-9191-431dc783106f",
   "metadata": {},
   "outputs": [
    {
     "data": {
      "text/plain": [
       "['sex', 'cp', 'thalach', 'exang', 'oldpeak', 'slope', 'ca', 'thal']"
      ]
     },
     "execution_count": 43,
     "metadata": {},
     "output_type": "execute_result"
    }
   ],
   "source": [
    "# find the columns having correlation > average_correlation\n",
    "columns = []\n",
    "for index in range(len(correlation.values)):\n",
    "    if abs(correlation.values[index]) >= average_correlation:\n",
    "        columns.append(correlation.index[index])\n",
    "columns"
   ]
  },
  {
   "cell_type": "markdown",
   "id": "b01a610d-0cfc-4455-9e0b-4f5a4b400b2d",
   "metadata": {},
   "source": [
    "### pre-processing"
   ]
  },
  {
   "cell_type": "code",
   "execution_count": 44,
   "id": "1d46348d-9759-41e5-912d-ed0f937ad15d",
   "metadata": {},
   "outputs": [],
   "source": [
    "# split the data into x and y\n",
    "\n",
    "# select all the columns we have already found earlier with better correlation than average\n",
    "x = df[columns]\n",
    "y = df['target']"
   ]
  },
  {
   "cell_type": "code",
   "execution_count": 61,
   "id": "893c25ce-f84b-418a-b98a-bc14c5f93d03",
   "metadata": {},
   "outputs": [
    {
     "data": {
      "text/html": [
       "<div>\n",
       "<style scoped>\n",
       "    .dataframe tbody tr th:only-of-type {\n",
       "        vertical-align: middle;\n",
       "    }\n",
       "\n",
       "    .dataframe tbody tr th {\n",
       "        vertical-align: top;\n",
       "    }\n",
       "\n",
       "    .dataframe thead th {\n",
       "        text-align: right;\n",
       "    }\n",
       "</style>\n",
       "<table border=\"1\" class=\"dataframe\">\n",
       "  <thead>\n",
       "    <tr style=\"text-align: right;\">\n",
       "      <th></th>\n",
       "      <th>sex</th>\n",
       "      <th>cp</th>\n",
       "      <th>thalach</th>\n",
       "      <th>exang</th>\n",
       "      <th>oldpeak</th>\n",
       "      <th>slope</th>\n",
       "      <th>ca</th>\n",
       "      <th>thal</th>\n",
       "    </tr>\n",
       "  </thead>\n",
       "  <tbody>\n",
       "    <tr>\n",
       "      <th>0</th>\n",
       "      <td>1</td>\n",
       "      <td>3</td>\n",
       "      <td>150</td>\n",
       "      <td>0</td>\n",
       "      <td>2.3</td>\n",
       "      <td>0</td>\n",
       "      <td>0</td>\n",
       "      <td>1</td>\n",
       "    </tr>\n",
       "    <tr>\n",
       "      <th>1</th>\n",
       "      <td>1</td>\n",
       "      <td>2</td>\n",
       "      <td>187</td>\n",
       "      <td>0</td>\n",
       "      <td>3.5</td>\n",
       "      <td>0</td>\n",
       "      <td>0</td>\n",
       "      <td>2</td>\n",
       "    </tr>\n",
       "    <tr>\n",
       "      <th>2</th>\n",
       "      <td>0</td>\n",
       "      <td>1</td>\n",
       "      <td>172</td>\n",
       "      <td>0</td>\n",
       "      <td>1.4</td>\n",
       "      <td>2</td>\n",
       "      <td>0</td>\n",
       "      <td>2</td>\n",
       "    </tr>\n",
       "    <tr>\n",
       "      <th>3</th>\n",
       "      <td>1</td>\n",
       "      <td>1</td>\n",
       "      <td>178</td>\n",
       "      <td>0</td>\n",
       "      <td>0.8</td>\n",
       "      <td>2</td>\n",
       "      <td>0</td>\n",
       "      <td>2</td>\n",
       "    </tr>\n",
       "    <tr>\n",
       "      <th>4</th>\n",
       "      <td>0</td>\n",
